1BLAUugHT67PJnJARvV7AADjxFB6pDQ75i
False
581.27
5.8127e-06
4027422
Satoshis sent-
-inf
581.27
5.8127e-06
4027422
581.27
5.8127e-06
4027422
581.27
5.8127e-06
4027422
581.27
5.8127e-06
4027422
581.27
5.8127e-06
4027422
580.03
5.8003e-06
4027422
580.03
5.8003e-06
4027422
580.03
5.8003e-06
4027422
580.03
5.8003e-06
4027422
580.03
5.8003e-06
4027422
580.03
5.8003e-06
4027422
580.03
5.8003e-06
4027422
580.03
5.8003e-06
4027422
580.03
5.8003e-06
4027422
580.03
5.8003e-06
4027422
580.03
5.8003e-06
4027422
580.03
5.8003e-06
4027422
580.03
5.8003e-06
4027422
580.03
5.8003e-06
4027422
580.03
5.8003e-06
4027422
580.03
5.8003e-06
4027422
580.03
5.8003e-06
4027422
580.01
5.8001e-06
4027422
580.01
5.8001e-06
4027422
580.01
5.8001e-06
4027422
580.01
5.8001e-06
4027422
580.01
5.8001e-06
4027422
580.01
5.8001e-06
4027422
580.01
5.8001e-06
4027422
580.01
5.8001e-06
4027422
580.01
5.8001e-06
4027422
580.01
5.8001e-06
4027422
580.01
5.8001e-06
4027422
580.01
5.8001e-06
4027422
580.01
5.8001e-06
4027422
580.01
5.8001e-06
4027422
580.01
5.8001e-06
4027422
580.01
5.8001e-06
4027422
580.01
5.8001e-06
4027422
580.01
5.8001e-06
4027422
579.58
5.7958e-06
4027422
579.58
5.7958e-06
4027422
579.58
5.7958e-06
4027422
579.58
5.7958e-06
4027422
579.58
5.7958e-06
4027422
579.58
5.7958e-06
4027422
579.58
5.7958e-06
4027422
579.58
5.7958e-06
4027422
579.58
5.7958e-06
4027422
579.58
5.7958e-06
4027422
579.58
5.7958e-06
4027422
579.58
5.7958e-06
4027422
579.58
5.7958e-06
4027422
579.58
5.7958e-06
4027422
579.58
5.7958e-06
4027422
579.58
5.7958e-06
4027422
579.58
5.7958e-06
4027422
579.59
5.7959e-06
4027422
579.59
5.7959e-06
4027422
579.59
5.7959e-06
4027422
579.59
5.7959e-06
4027422
579.59
5.7959e-06
4027422
579.59
5.7959e-06
4027422
579.59
5.7959e-06
4027422
579.59
5.7959e-06
4027422
579.59
5.7959e-06
4027422
579.59
5.7959e-06
4027422
579.59
5.7959e-06
4027422
579.59
5.7959e-06
4027422
579.59
5.7959e-06
4027422
579.59
5.7959e-06
4027422
579.59
5.7959e-06
4027422
579.59
5.7959e-06
4027422
579.59
5.7959e-06
4027422
579.59
5.7959e-06
4027422
579.01
5.7901e-06
4027422
579.01
5.7901e-06
4027422
579.01
5.7901e-06
4027422
579.01
5.7901e-06
4027422
579.01
5.7901e-06
4027422
579.01
5.7901e-06
4027422
579.01
5.7901e-06
4027422
579.01
5.7901e-06
4027422
579.01
5.7901e-06
4027422
579.01
5.7901e-06
4027422
579.01
5.7901e-06
4027422
579.01
5.7901e-06
4027422
579.01
5.7901e-06
4027422
579.01
5.7901e-06
4027422
579.01
5.7901e-06
4027422
579.01
5.7901e-06
4027422
579.01
5.7901e-06
4027422
579.08
5.7908e-06
4027422
579.08
5.7908e-06
4027422
579.08
5.7908e-06
4027422
579.08
5.7908e-06
4027422
579.08
5.7908e-06
4027422
579.08
5.7908e-06
4027422
579.08
5.7908e-06
4027422
579.08
5.7908e-06
4027422
579.08
5.7908e-06
4027422
579.08
5.7908e-06
4027422
579.08
5.7908e-06
4027422
579.08
5.7908e-06
4027422
579.08
5.7908e-06
4027422
579.08
5.7908e-06
4027422
579.08
5.7908e-06
4027422
579.08
5.7908e-06
4027422
579.08
5.7908e-06
4027422
579.08
5.7908e-06
4027422
579.99
5.7999e-06
4027422
