1BLAUugHT67PJnJARvV7AADjxFB6pDQ75i
False
572.67
5.7267e-06
4027422
Satoshis sent-
-inf
572.67
5.7267e-06
4027422
572.67
5.7267e-06
4027422
572.67
5.7267e-06
4027422
572.67
5.7267e-06
4027422
572.67
5.7267e-06
4027422
572.67
5.7267e-06
4027422
572.67
5.7267e-06
4027422
571.55
5.7155e-06
4027422
571.55
5.7155e-06
4027422
571.55
5.7155e-06
4027422
571.55
5.7155e-06
4027422
571.55
5.7155e-06
4027422
571.55
5.7155e-06
4027422
571.55
5.7155e-06
4027422
571.55
5.7155e-06
4027422
571.55
5.7155e-06
4027422
571.55
5.7155e-06
4027422
571.55
5.7155e-06
4027422
571.55
5.7155e-06
4027422
571.55
5.7155e-06
4027422
571.55
5.7155e-06
4027422
571.55
5.7155e-06
4027422
571.55
5.7155e-06
4027422
571.55
5.7155e-06
4027422
571.98
5.7198e-06
4027422
571.98
5.7198e-06
4027422
571.98
5.7198e-06
4027422
571.98
5.7198e-06
4027422
571.98
5.7198e-06
4027422
571.98
5.7198e-06
4027422
571.98
5.7198e-06
4027422
571.98
5.7198e-06
4027422
571.98
5.7198e-06
4027422
571.98
5.7198e-06
4027422
571.98
5.7198e-06
4027422
571.98
5.7198e-06
4027422
571.98
5.7198e-06
4027422
571.98
5.7198e-06
4027422
571.98
5.7198e-06
4027422
571.98
5.7198e-06
4027422
571.98
5.7198e-06
4027422
571.23
5.7123e-06
4027422
571.23
5.7123e-06
4027422
571.23
5.7123e-06
4027422
571.23
5.7123e-06
4027422
571.23
5.7123e-06
4027422
571.23
5.7123e-06
4027422
571.23
5.7123e-06
4027422
571.23
5.7123e-06
4027422
571.23
5.7123e-06
4027422
571.23
5.7123e-06
4027422
571.23
5.7123e-06
4027422
571.23
5.7123e-06
4027422
571.23
5.7123e-06
4027422
571.23
5.7123e-06
4027422
571.23
5.7123e-06
4027422
571.23
5.7123e-06
4027422
571.23
5.7123e-06
4027422
571.23
5.7123e-06
4027422
572.0
5.72e-06
4027422
572.0
5.72e-06
4027422
572.0
5.72e-06
4027422
572.0
5.72e-06
4027422
572.0
5.72e-06
4027422
572.0
5.72e-06
4027422
572.0
5.72e-06
4027422
572.0
5.72e-06
4027422
572.0
5.72e-06
4027422
572.0
5.72e-06
4027422
572.0
5.72e-06
4027422
572.0
5.72e-06
4027422
572.0
5.72e-06
4027422
572.0
5.72e-06
4027422
572.0
5.72e-06
4027422
572.0
5.72e-06
4027422
572.0
5.72e-06
4027422
572.2
5.722e-06
4027422
572.2
5.722e-06
4027422
572.2
5.722e-06
4027422
572.2
5.722e-06
4027422
572.2
5.722e-06
4027422
572.2
5.722e-06
4027422
572.2
5.722e-06
4027422
572.2
5.722e-06
4027422
572.2
5.722e-06
4027422
572.2
5.722e-06
4027422
572.2
5.722e-06
4027422
572.2
5.722e-06
4027422
572.2
5.722e-06
4027422
572.2
5.722e-06
4027422
572.2
5.722e-06
4027422
572.2
5.722e-06
4027422
572.2
5.722e-06
4027422
571.78
5.7178e-06
4027422
571.78
5.7178e-06
4027422
571.78
5.7178e-06
4027422
571.78
5.7178e-06
4027422
571.78
5.7178e-06
4027422
571.78
5.7178e-06
4027422
571.78
5.7178e-06
4027422
571.78
5.7178e-06
4027422
571.78
5.7178e-06
4027422
571.78
5.7178e-06
4027422
571.78
5.7178e-06
4027422
571.78
5.7178e-06
4027422
571.78
5.7178e-06
4027422
571.78
5.7178e-06
4027422
571.78
5.7178e-06
4027422
571.78
5.7178e-06
4027422
571.78
5.7178e-06
4027422
571.48
5.7148e-06
4027422
571.48
5.7148e-06
4027422
571.48
5.7148e-06
4027422
571.48
5.7148e-06
4027422
571.48
5.7148e-06
4027422
571.48
5.7148e-06
4027422
571.48
5.7148e-06
4027422
571.48
5.7148e-06
4027422
571.48
5.7148e-06
4027422
571.48
5.7148e-06
4027422
571.48
5.7148e-06
4027422
571.48
5.7148e-06
4027422
571.48
5.7148e-06
4027422
571.48
5.7148e-06
4027422
571.48
5.7148e-06
4027422
571.48
5.7148e-06
4027422
571.48
5.7148e-06
4027422
571.48
5.7148e-06
4027422
573.46
5.7346e-06
4027422
573.46
5.7346e-06
4027422
573.46
5.7346e-06
4027422
573.46
5.7346e-06
4027422
573.46
5.7346e-06
4027422
573.46
5.7346e-06
4027422
573.46
5.7346e-06
4027422
573.46
5.7346e-06
4027422
573.46
5.7346e-06
4027422
573.46
5.7346e-06
4027422
573.46
5.7346e-06
4027422
573.46
5.7346e-06
4027422
573.46
5.7346e-06
4027422
573.46
5.7346e-06
4027422
573.46
5.7346e-06
4027422
573.46
5.7346e-06
4027422
573.46
5.7346e-06
4027422
573.54
5.7354e-06
4027422
573.54
5.7354e-06
4027422
573.54
5.7354e-06
4027422
573.54
5.7354e-06
4027422
573.54
5.7354e-06
4027422
573.54
5.7354e-06
4027422
573.54
5.7354e-06
4027422
573.54
5.7354e-06
4027422
573.54
5.7354e-06
4027422
573.54
5.7354e-06
4027422
573.54
5.7354e-06
4027422
573.54
5.7354e-06
4027422
573.54
5.7354e-06
4027422
573.54
5.7354e-06
4027422
573.54
5.7354e-06
4027422
573.54
5.7354e-06
4027422
573.54
5.7354e-06
4027422
573.54
5.7354e-06
4027422
570.25
5.7025e-06
4027422
570.25
5.7025e-06
4027422
570.25
5.7025e-06
4027422
570.25
5.7025e-06
4027422
570.25
5.7025e-06
4027422
570.25
5.7025e-06
4027422
570.25
5.7025e-06
4027422
API call failed!API call failed!API call failed!570.25
5.7025e-06
4027422
570.25
5.7025e-06
4027422
570.25
5.7025e-06
4027422
API call failed!API call failed!API call failed!API call failed!API call failed!API call failed!API call failed!API call failed!API call failed!API call failed!API call failed!API call failed!API call failed!API call failed!API call failed!API call failed!API call failed!API call failed!API call failed!API call failed!API call failed!API call failed!API call failed!API call failed!API call failed!API call failed!API call failed!API call failed!API call failed!API call failed!API call failed!API call failed!API call failed!API call failed!API call failed!API call failed!API call failed!API call failed!API call failed!API call failed!API call failed!API call failed!API call failed!API call failed!API call failed!API call failed!API call failed!API call failed!API call failed!API call failed!API call failed!API call failed!API call failed!API call failed!API call failed!API call failed!API call failed!API call failed!API call failed!API call failed!API call failed!API call failed!API call failed!API call failed!API call failed!API call failed!API call failed!API call failed!API call failed!API call failed!API call failed!API call failed!API call failed!API call failed!API call failed!API call failed!API call failed!API call failed!API call failed!API call failed!API call failed!API call failed!API call failed!API call failed!API call failed!API call failed!API call failed!API call failed!API call failed!API call failed!API call failed!API call failed!API call failed!API call failed!API call failed!API call failed!API call failed!API call failed!API call failed!API call failed!API call failed!API call failed!API call failed!API call failed!API call failed!API call failed!API call failed!API call failed!API call failed!API call failed!API call failed!API call failed!API call failed!API call failed!API call failed!API call failed!API call failed!API call failed!API call failed!API call failed!API call failed!API call failed!API call failed!API call failed!API call failed!API call failed!API call failed!API call failed!API call failed!API call failed!API call failed!API call failed!API call failed!API call failed!API call failed!API call failed!API call failed!API call failed!API call failed!API call failed!API call failed!API call failed!API call failed!API call failed!API call failed!API call failed!API call failed!API call failed!API call failed!API call failed!API call failed!API call failed!API call failed!API call failed!API call failed!API call failed!API call failed!API call failed!API call failed!API call failed!API call failed!API call failed!API call failed!569.3
5.693e-06
4027422
569.3
5.693e-06
4027422
569.3
5.693e-06
4027422
API call failed!API call failed!API call failed!569.3
5.693e-06
4027422
569.3
5.693e-06
4027422
569.3
5.693e-06
4027422
569.3
5.693e-06
4027422
569.3
5.693e-06
4027422
569.3
5.693e-06
4027422
569.3
5.693e-06
4027422
570.0
5.7e-06
4027422
570.0
5.7e-06
4027422
570.0
5.7e-06
4027422
570.0
5.7e-06
4027422
570.0
5.7e-06
4027422
570.0
5.7e-06
4027422
570.0
5.7e-06
4027422
570.0
5.7e-06
4027422
570.0
5.7e-06
4027422
570.0
5.7e-06
4027422
570.0
5.7e-06
4027422
570.0
5.7e-06
4027422
570.0
5.7e-06
4027422
570.0
5.7e-06
4027422
570.0
5.7e-06
4027422
570.0
5.7e-06
4027422
570.0
5.7e-06
4027422
569.3
5.693e-06
4027422
569.3
5.693e-06
4027422
569.3
5.693e-06
4027422
569.3
5.693e-06
4027422
569.3
5.693e-06
4027422
569.3
5.693e-06
4027422
569.3
5.693e-06
4027422
569.3
5.693e-06
4027422
API call failed!569.3
5.693e-06
4027422
569.3
5.693e-06
4027422
569.3
5.693e-06
4027422
569.3
5.693e-06
4027422
569.3
5.693e-06
4027422
569.3
5.693e-06
4027422
569.3
5.693e-06
4027422
569.3
5.693e-06
4027422
572.05
5.7205e-06
4027422
572.05
5.7205e-06
4027422
572.05
5.7205e-06
4027422
572.05
5.7205e-06
4027422
572.05
5.7205e-06
4027422
572.05
5.7205e-06
4027422
572.05
5.7205e-06
4027422
572.05
5.7205e-06
4027422
572.05
5.7205e-06
4027422
572.05
5.7205e-06
4027422
572.05
5.7205e-06
4027422
572.05
5.7205e-06
4027422
572.05
5.7205e-06
4027422
572.05
5.7205e-06
4027422
572.05
5.7205e-06
4027422
572.05
5.7205e-06
4027422
572.05
5.7205e-06
4027422
572.05
5.7205e-06
4027422
571.02
5.7102e-06
4027422
571.02
5.7102e-06
4027422
571.02
5.7102e-06
4027422
571.02
5.7102e-06
4027422
571.02
5.7102e-06
4027422
571.02
5.7102e-06
4027422
571.02
5.7102e-06
4027422
571.02
5.7102e-06
4027422
571.02
5.7102e-06
4027422
571.02
5.7102e-06
4027422
571.02
5.7102e-06
4027422
571.02
5.7102e-06
4027422
571.02
5.7102e-06
4027422
571.02
5.7102e-06
4027422
571.02
5.7102e-06
4027422
571.02
5.7102e-06
4027422
571.02
5.7102e-06
4027422
572.0
5.72e-06
4027422
572.0
5.72e-06
4027422
572.0
5.72e-06
4027422
572.0
5.72e-06
4027422
572.0
5.72e-06
4027422
572.0
5.72e-06
4027422
572.0
5.72e-06
4027422
572.0
5.72e-06
4027422
572.0
5.72e-06
4027422
572.0
5.72e-06
4027422
572.0
5.72e-06
4027422
572.0
5.72e-06
4027422
572.0
5.72e-06
4027422
572.0
5.72e-06
4027422
572.0
5.72e-06
4027422
572.0
5.72e-06
4027422
572.0
5.72e-06
4027422
572.0
5.72e-06
4027422
572.0
5.72e-06
4027422
572.0
5.72e-06
4027422
572.0
5.72e-06
4027422
572.0
5.72e-06
4027422
572.0
5.72e-06
4027422
572.0
5.72e-06
4027422
572.0
5.72e-06
4027422
572.0
5.72e-06
4027422
572.0
5.72e-06
4027422
572.0
5.72e-06
4027422
572.0
5.72e-06
4027422
572.0
5.72e-06
4027422
572.0
5.72e-06
4027422
572.0
5.72e-06
4027422
572.0
5.72e-06
4027422
572.0
5.72e-06
4027422
572.0
5.72e-06
4027422
572.2
5.722e-06
4027422
572.2
5.722e-06
4027422
572.2
5.722e-06
4027422
572.2
5.722e-06
4027422
572.2
5.722e-06
4027422
572.2
5.722e-06
4027422
572.2
5.722e-06
4027422
572.2
5.722e-06
4027422
572.2
5.722e-06
4027422
572.2
5.722e-06
4027422
572.2
5.722e-06
4027422
572.2
5.722e-06
4027422
572.2
5.722e-06
4027422
572.2
5.722e-06
4027422
572.2
5.722e-06
4027422
572.2
5.722e-06
4027422
572.2
5.722e-06
4027422
572.2
5.722e-06
4027422
570.29
5.7029e-06
4027422
570.29
5.7029e-06
4027422
570.29
5.7029e-06
4027422
570.29
5.7029e-06
4027422
570.29
5.7029e-06
4027422
570.29
5.7029e-06
4027422
570.29
5.7029e-06
4027422
570.29
5.7029e-06
4027422
570.29
5.7029e-06
4027422
570.29
5.7029e-06
4027422
570.29
5.7029e-06
4027422
570.29
5.7029e-06
4027422
570.29
5.7029e-06
4027422
570.29
5.7029e-06
4027422
570.29
5.7029e-06
4027422
570.29
5.7029e-06
4027422
570.29
5.7029e-06
4027422
570.4
5.704e-06
4027422
570.4
5.704e-06
4027422
570.4
5.704e-06
4027422
570.4
5.704e-06
4027422
570.4
5.704e-06
4027422
570.4
5.704e-06
4027422
570.4
5.704e-06
4027422
570.4
5.704e-06
4027422
570.4
5.704e-06
4027422
570.4
5.704e-06
4027422
570.4
5.704e-06
4027422
570.4
5.704e-06
4027422
570.4
5.704e-06
4027422
570.4
5.704e-06
4027422
570.4
5.704e-06
4027422
570.4
5.704e-06
4027422
570.4
5.704e-06
4027422
570.4
5.704e-06
4027422
568.3
5.683e-06
4027422
568.3
5.683e-06
4027422
568.3
5.683e-06
4027422
568.3
5.683e-06
4027422
568.3
5.683e-06
4027422
568.3
5.683e-06
4027422
568.3
5.683e-06
4027422
568.3
5.683e-06
4027422
568.3
5.683e-06
4027422
568.3
5.683e-06
4027422
API call failed!API call failed!API call failed!API call failed!API call failed!API call failed!API call failed!571.02
5.7102e-06
4027422
API call failed!API call failed!API call failed!API call failed!API call failed!API call failed!API call failed!API call failed!API call failed!API call failed!