1BLAUugHT67PJnJARvV7AADjxFB6pDQ75i
False
538.47
5.3847e-06
3843611
Satoshis sent-
-inf
538.47
5.3847e-06
3843611
538.47
5.3847e-06
3843611
538.47
5.3847e-06
3843611
538.47
5.3847e-06
4027422
Satoshis sent-
183811
Transaction price-
0.9897670917
1550054
Valid output to Arduino.
538.47
5.3847e-06
4027422
538.47
5.3847e-06
4027422
538.47
5.3847e-06
4027422
538.47
5.3847e-06
4027422
538.41
5.3841e-06
4027422
538.41
5.3841e-06
4027422
538.41
5.3841e-06
4027422
538.41
5.3841e-06
4027422
538.41
5.3841e-06
4027422
538.41
5.3841e-06
4027422
538.41
5.3841e-06
4027422
538.41
5.3841e-06
4027422
538.41
5.3841e-06
4027422
538.41
5.3841e-06
4027422
538.41
5.3841e-06
4027422
538.41
5.3841e-06
4027422
538.41
5.3841e-06
4027422
538.41
5.3841e-06
4027422
538.41
5.3841e-06
4027422
538.41
5.3841e-06
4027422
538.41
5.3841e-06
4027422
538.41
5.3841e-06
4027422
538.46
5.3846e-06
4027422
538.46
5.3846e-06
4027422
538.46
5.3846e-06
4027422
538.46
5.3846e-06
4027422
538.46
5.3846e-06
4027422
538.46
5.3846e-06
4027422
538.46
5.3846e-06
4027422
538.46
5.3846e-06
4027422
538.46
5.3846e-06
4027422
538.46
5.3846e-06
4027422
538.46
5.3846e-06
4027422
538.46
5.3846e-06
4027422
538.46
5.3846e-06
4027422
538.46
5.3846e-06
4027422
538.46
5.3846e-06
4027422
538.46
5.3846e-06
4027422
538.46
5.3846e-06
4027422
538.46
5.3846e-06
4027422
538.87
5.3887e-06
4027422
538.87
5.3887e-06
4027422
538.87
5.3887e-06
4027422
538.87
5.3887e-06
4027422
538.87
5.3887e-06
4027422
538.87
5.3887e-06
4027422
538.87
5.3887e-06
4027422
538.87
5.3887e-06
4027422
538.87
5.3887e-06
4027422
538.87
5.3887e-06
4027422
538.87
5.3887e-06
4027422
538.87
5.3887e-06
4027422
538.87
5.3887e-06
4027422
538.87
5.3887e-06
4027422
538.87
5.3887e-06
4027422
538.87
5.3887e-06
4027422
538.87
5.3887e-06
4027422
538.44
5.3844e-06
4027422
538.44
5.3844e-06
4027422
538.44
5.3844e-06
4027422
538.44
5.3844e-06
4027422
538.44
5.3844e-06
4027422
538.44
5.3844e-06
4027422
538.44
5.3844e-06
4027422
538.44
5.3844e-06
4027422
538.44
5.3844e-06
4027422
538.44
5.3844e-06
4027422
538.44
5.3844e-06
4027422
538.44
5.3844e-06
4027422
538.44
5.3844e-06
4027422
538.44
5.3844e-06
4027422
538.44
5.3844e-06
4027422
538.44
5.3844e-06
4027422
538.44
5.3844e-06
4027422
538.06
5.3806e-06
4027422
538.06
5.3806e-06
4027422
538.06
5.3806e-06
4027422
538.06
5.3806e-06
4027422
538.06
5.3806e-06
4027422
538.06
5.3806e-06
4027422
538.06
5.3806e-06
4027422
538.06
5.3806e-06
4027422
538.06
5.3806e-06
4027422
538.06
5.3806e-06
4027422
538.06
5.3806e-06
4027422
538.06
5.3806e-06
4027422
538.06
5.3806e-06
4027422
538.06
5.3806e-06
4027422
538.06
5.3806e-06
4027422
538.06
5.3806e-06
4027422
538.06
5.3806e-06
4027422
538.06
5.3806e-06
4027422
538.24
5.3824e-06
4027422
538.24
5.3824e-06
4027422
538.24
5.3824e-06
4027422
538.24
5.3824e-06
4027422
538.24
5.3824e-06
4027422
538.24
5.3824e-06
4027422
538.24
5.3824e-06
4027422
538.24
5.3824e-06
4027422
538.24
5.3824e-06
4027422
538.24
5.3824e-06
4027422
538.24
5.3824e-06
4027422
538.24
5.3824e-06
4027422
538.24
5.3824e-06
4027422
538.24
5.3824e-06
4027422
538.24
5.3824e-06
4027422
538.24
5.3824e-06
4027422
538.24
5.3824e-06
4027422
538.15
5.3815e-06
4027422
538.15
5.3815e-06
4027422
538.15
5.3815e-06
4027422
538.15
5.3815e-06
4027422
538.15
5.3815e-06
4027422
538.15
5.3815e-06
4027422
538.15
5.3815e-06
4027422
538.15
5.3815e-06
4027422
